time, t_command, c_linear_x, c_linear_y, c_linear_z, c_angular_x, c_angular_y, c_angular_z, pos_x, pos_y, pos_z, ang_x, ang_y, ang_z
1657.564, 1, 0.5, 0, 0, 0, 0, 0, -0.006116801160990219, 2.50647316907724, -1.1621009839840601e-05, -1.148927092563604e-07, 3.230602056807922e-08, -1.5831897919413784
1659.679, 1, 0.5, 0, 0, 0, 0, 0, -0.012266710229411415, 2.010357676645585, -1.2665412258500153e-05, -8.419923544270983e-08, 1.0374476786306016e-08, -1.5831901851859342
1661.28, 1, 0, 0, 0, 0, 0, 0.482135152485, -0.01212085259995809, 2.009399940324427, -1.6915752864332667e-05, -3.708811397994197e-05, -1.3855983078744505e-08, -1.2738023935985268
1663.496, 1, 0.5, 0, 0, 0, 0, 0, 0.13355328955565168, 1.5365612101806658, -9.767792519488339e-06, -1.7008871614600871e-06, -1.1528028616495701e-07, -1.2719499771101768
1665.098, 1, 0, 0, 0, 0, 0, 0.482135152485, 0.13499695277411172, 1.5327241380115273, -1.666338860906169e-05, -3.707495633364447e-05, -2.7585226233474412e-08, -0.9609906451387582
1667.906, 1, 0.5, 0, 0, 0, 0, 0, 0.4189118923066459, 1.1306676368463144, -9.728240938478017e-06, -1.7750620504494278e-06, 5.2315444999590296e-08, -0.9560264315554678
1669.331, 1, 0, 0, 0, 0, 0, 0.482135152485, 0.423672755338926, 1.1244183538262054, -1.6552038189426854e-05, -3.670505024130053e-05, -6.925582688301239e-08, -0.6422848875275793
1671.83, 1, 0, 0, 0, 0, 0, 0.482135152485, 0.42543742813259405, 1.1234900835961716, -1.4729507131439057e-05, -1.9660203145579417e-05, -1.5183225628466584e-08, -0.3220648884292621
1673.53, 1, 0.5, 0, 0, 0, 0, 0, 0.8968638392680692, 0.966281158220529, -1.018323666895915e-05, -3.6249463158149492e-06, 8.157795974555139e-08, -0.32193452252687754
1676.047, 1, 0, 0, 0, 0, 0, 0.482135152485, 0.8988826973249114, 0.9659326162108166, -1.4718398845259273e-05, -1.907578999951396e-05, 1.5607306746014896e-07, -0.0037957690141192596
1677.546, 1, 0.5, 0, 0, 0, 0, 0, 1.3962501177844509, 0.9641138693259292, -1.4122282324918745e-05, -1.889954119302083e-05, -5.65153543367826e-08, -0.00375418266682198
1679.267, 1, 0.5, 0, 0, 0, 0, 0, 1.8966799085502013, 0.9622233347260503, -1.3961468960904666e-05, -1.8107366603524415e-05, -1.819418903371949e-07, -0.0038581193920587714
1697.266, 1, 0.5, 0, 0, 0, 0, 0, 2.3956925899287995, 0.9602816750621547, -1.4348060294849807e-05, -1.9092590130604312e-05, -5.905529273642559e-08, -0.003994054652057294
1698.848, 1, 0, 0, 0, 0, 0, 0.482135152485, 2.397799712564693, 0.9605164521949335, -2.0727860090830053e-05, -4.4444787530452075e-05, 3.6501944844935806e-06, 0.31601685129204793
1707.063, 1, 0.5, 0, 0, 0, 0, 0, 2.8699378621681433, 1.116068037993923, -1.4671112589931257e-05, -1.2700440231180058e-05, 3.1907025380463356e-06, 0.31817811105948546
1710.365, 1, 0.5, 0, 0, 0, 0, 0, 3.343538301401712, 1.2720377995087102, -1.5129164777194504e-05, -1.1724121207833873e-05, 2.9498563397834704e-06, 0.31803158362776823
1713.456, 1, 0.5, 0, 0, 0, 0, 0, 3.816995333413276, 1.427894337255597, -1.2204351486327925e-05, 1.3166866002205248e-05, 2.676902321619163e-06, 0.31792074926731323
1717.266, 1, 0.5, 0, 0, 0, 0, 0, 4.28874513327493, 1.583187522817159, -1.5628717623589194e-05, 2.9958726846208953e-05, 4.080845036755901e-06, 0.3179548562206844
1719.679, 1, 0.5, 0, 0, 0, 0, 0, 4.766235347750728, 1.7406183893781468, -3.634120515558226e-05, 0.0001099211579549484, 3.809364803272423e-05, 0.31851152302805985
1721.182, 1, 0, 0, 0, 0, 0, -0.482135152485, 4.766097859375242, 1.7405571077479343, -1.3371471766443488e-05, 8.388787070010906e-06, -1.0674158964474826e-05, -0.030123019396703594
1724.479, 1, 0, 0, 0, 0, 0, -0.482135152485, 4.766010706308355, 1.7405626456938013, -9.552330683504362e-06, 1.180358057883959e-06, -9.124645137699392e-08, -0.37778844719884913
1725.979, 1, 0.5, 0, 0, 0, 0, 0, 5.224180090796946, 1.5578705825721153, -4.579783947103455e-05, 0.00017533381299306592, -1.4725069567037486e-05, -0.38177064582916614
1727.279, 1, 0.5, 0, 0, 0, 0, 0, 5.684597198333769, 1.3728898855034022, -1.2052784443522535e-05, 1.2620059806466435e-05, -2.364654383012591e-06, -0.38226491568847826
1728.68, 1, 0.5, 0, 0, 0, 0, 0, 6.14126111670086, 1.189281615364201, -1.0129347179699266e-05, 3.721927146430383e-06, -5.599093076624439e-07, -0.38233591644566917
1730.095, 1, 0.5, 0, 0, 0, 0, 0, 6.608239197592855, 1.0014724860387358, -1.423914420675687e-05, 1.86345411388482e-05, -3.6644490141220465e-07, -0.38234973343066775
1731.496, 1, 0.5, 0, 0, 0, 0, 0, 7.071641872063084, 0.8150817792458146, -1.1461367059095728e-05, 8.18994312070351e-06, -4.867736172433934e-07, -0.3823600337574934
1732.897, 1, 0, 0, 0, 0, 0, 0.482135152485, 7.0711964749689455, 0.815607834143657, -7.066561760130097e-05, -0.00028042387542668207, -3.6506301048844395e-05, -0.038625050102242896
1734.396, 1, 0.5, 0, 0, 0, 0, 0, 7.567440927345084, 0.7964647553104226, -9.268260860673116e-06, 1.6254789521535778e-07, 5.967571944891098e-08, -0.03863764308694371
1735.895, 1, 0.5, 0, 0, 0, 0, 0, 8.06426042884655, 0.7772841568139547, -9.258290762675925e-06, 9.067288434936129e-08, 2.922378990012529e-08, -0.038657154006797895
1737.298, 1, 0, 0, 0, 0, 0, 0.482135152485, 8.070273701325426, 0.7779965725416751, -2.0478275867485962e-05, -5.2597473480401795e-05, 5.984229582111524e-06, 0.2925862830059952
1739.213, 1, 0.5, 0, 0, 0, 0, 0, 8.548263643022114, 0.9220370748557846, -9.310334382173213e-06, -1.3670881894725736e-07, -3.980117899101032e-08, 0.29265760706787797
1741.312, 1, 0.5, 0, 0, 0, 0, 0, 9.026514219191576, 1.0661714726046285, -1.0866089691280445e-05, -4.855214615302919e-06, -8.938211121468099e-07, 0.29264475549217694
1742.912, 1, 0.5, 0, 0, 0, 0, 0, 9.504943735566714, 1.2103415440101344, -9.261607100380376e-06, 5.991425903877708e-08, -5.593816586278272e-09, 0.29257868845930307
1744.816, 1, 0.5, 0, 0, 0, 0, 0, 9.97919452039316, 1.3531838505540152, -9.255288548892793e-06, 3.3637301653337415e-08, -3.4209037352657494e-09, 0.29247731996555526
1746.417, 1, 0, 0, 0, 0, 0, 0.482135152485, 9.98632839941171, 1.3557885632902442, -2.3492060471558274e-05, -6.559111788280622e-05, 8.435848000592727e-07, 0.6198230791498661
1747.717, 1, 0.5, 0, 0, 0, 0, 0, 10.391690052945014, 1.6452509713023167, -9.355267899219255e-06, -4.261417263288002e-07, -2.352027968881161e-08, 0.6200472771999734
1758.229, 1, 0.5, 0, 0, 0, 0, 0, 10.79937866329281, 1.936300226819392, -1.3245789745985892e-05, -1.3516612515219823e-05, -2.396154174057935e-07, 0.6198780827762281
1760.54, 1, 0.5, 0, 0, 0, 0, 0, 11.202815010987038, 2.224223967864383, -9.724985021497545e-06, 1.8448372168112606e-06, -1.0434142434641945e-08, 0.6197708588535321
1761.945, 1, 0.5, 0, 0, 0, 0, 0, 11.614517437551106, 2.517994520260983, -9.718917172718555e-06, 1.9369098362460895e-06, -4.046029222337554e-09, 0.6197157930740003
1763.345, 1, 0.5, 0, 0, 0, 0, 0, 12.025036889814563, 2.8109861309646607, -1.0549095417006216e-05, 7.665540020469879e-07, 9.382073370860695e-09, 0.6198628988586472
1764.845, 1, 0.5, 0, 0, 0, 0, 0, 12.42777650233269, 3.098619438958748, -9.919587450557543e-06, 2.7188831618189933e-06, -1.64837938134474e-08, 0.6201578801592272
1766.262, 1, 0, 0, 0, 0, 0, 0.482135152485, 12.435819901731362, 3.104675080339205, -1.960706701006898e-05, -4.438658513227023e-06, 1.6262196664453248e-05, 0.9487281936173056
1767.962, 1, 0, 0, 0, 0, 0, 0.482135152485, 12.437237590201013, 3.10635371921374, -2.4172091864116396e-05, -4.357731659932157e-06, 2.2034724439785595e-05, 1.269540122557577
1769.763, 1, 0, 0, 0, 0, 0, 0.482135152485, 12.438985334702332, 3.1082610301660107, -3.251511030685772e-05, 3.234466897485512e-05, 5.386466576435394e-05, 1.586029702236525
1771.496, 1, 0, 0, 0, 0, 0, 0.482135152485, 12.442439564963257, 3.110519146579283, -3.2071218480977937e-05, 4.508739657499383e-05, 4.00214814909645e-05, 1.8966745350540681
1773.396, 1, 0, 0, 0, 0, 0, 0.482135152485, 12.444093894109734, 3.1124791908200717, -2.3654005109174925e-05, 2.6136690799232424e-05, -2.016192315783449e-05, 2.2060860931883286
1775.496, 1, 0.5, 0, 0, 0, 0, 0, 12.15422706108989, 3.505647546592624, -2.3918715803039614e-05, 6.486255057375749e-05, -5.576620690231055e-05, 2.206074454094631
1780.697, 1, 0.5, 0, 0, 0, 0, 0, 11.859427122913205, 3.905466218954589, -1.8687682976997744e-05, 4.204059541431592e-05, -3.9144701909638576e-05, 2.2060860223508016
1782.395, 1, 0, 0, 0, 0, 0, -0.482135152485, 11.854880925649704, 3.9053969959558406, -1.4356902169471164e-05, 2.5755328947719717e-05, 2.268804470632983e-05, 1.8891489185840737
1784.499, 1, 0, 0, 0, 0, 0, -0.482135152485, 11.8516084774681, 3.9049272377903606, -1.2306441222742492e-05, 2.091799667557109e-05, 1.3550111386739653e-05, 1.5597948236889692
1786.607, 1, 0, 0, 0, 0, 0, -0.482135152485, 11.848972593923365, 3.9058029580323366, -1.2553574827878222e-05, 1.1548595288725112e-05, 9.564539447971178e-06, 1.2297361625679757
1788.316, 1, 0.5, 0, 0, 0, 0, 0, 12.014782764351434, 4.371910982965633, -1.8494531393853375e-05, 4.47323859027556e-05, -3.836507554221866e-05, 1.2270809016510904
1791.014, 1, 0.5, 0, 0, 0, 0, 0, 12.182367512359049, 4.8391700829431095, -1.3530469857803151e-05, 1.7947532513377736e-05, -1.8200809128287956e-05, 1.2260573062071742
1792.629, 1, 0.5, 0, 0, 0, 0, 0, 12.350341695119793, 5.3045957743766605, -1.067142625046924e-05, 5.396555593460204e-06, -5.901131181179274e-06, 1.2244059068924598
1794.528, 1, 0.5, 0, 0, 0, 0, 0, 12.522338452029675, 5.779598658373196, -9.745977427866315e-06, 1.608603188004793e-06, -2.047778686177729e-06, 1.2233988575670849
1796.551, 1, 0.5, 0, 0, 0, 0, 0, 12.693485507821329, 6.2513689176493275, -1.2883208823866177e-05, 7.332251136941462e-06, -4.470750136344347e-06, 1.2228230730773533
1798.346, 1, 0.5, 0, 0, 0, 0, 0, 12.863580123027196, 6.719717167133676, -9.318667574087502e-06, -7.213803623786889e-09, -2.618184298192946e-07, 1.222479881200151
1800.457, 1, 0.5, 0, 0, 0, 0, 0, 13.034714483519782, 7.190619844191361, -1.1641372756221458e-05, 5.5113762541498206e-06, -4.986554376944019e-06, 1.2222962057780833
1803.445, 1, 0.5, 0, 0, 0, 0, 0, 13.205278139809213, 7.6597723713982475, -9.538029766220646e-06, -1.0110792389831908e-06, -1.3719435599913685e-06, 1.2222146921043666
1805.545, 1, 0.5, 0, 0, 0, 0, 0, 13.37531067654308, 8.127106813323069, -9.600827179573335e-06, -1.3430219149012407e-06, -1.6718433004365864e-06, 1.2220133096518395
1814.646, 1, 0.5, 0, 0, 0, 0, 0, 13.54692086231192, 8.59871169428431, -1.0573804290953115e-05, -6.158974141098342e-06, -5.985213138706371e-06, 1.222029098278187
1819.164, 1, 0.5, 0, 0, 0, 0, 0, 13.71816038582992, 9.06946427248621, -1.2389344095864452e-05, -5.233486522233217e-06, -5.4066867046688e-06, 1.222041713451485
1820.864, 1, 0.5, 0, 0, 0, 0, 0, 13.889214970995907, 9.539786744194618, -1.2941291951257261e-05, -9.041908069094737e-06, -8.403104983754927e-06, 1.2220456746295414
1823.366, 1, 0, 0, 0, 0, 0, 0.482135152485, 13.8892007050989, 9.539765586314802, -1.561035404032407e-05, -2.3868190983721702e-05, 8.100152692447425e-06, 1.5733622469024309
1825.062, 1, 0.5, 0, 0, 0, 0, 0, 13.887768494301252, 10.034752495073725, -1.0295085728279085e-05, -2.4543249827233095e-06, -6.820715974330436e-07, 1.5737019901506242
1826.664, 1, 0.5, 0, 0, 0, 0, 0, 13.886305497284711, 10.540244458696755, -1.0347795168036411e-05, -8.039418158095779e-08, 6.94628477377519e-07, 1.5736976127066669
1828.164, 1, 0.5, 0, 0, 0, 0, 0, 13.884863898139828, 11.038239546098444, -1.0011430265632892e-05, -1.2858531259551397e-06, 1.0467713873037006e-06, 1.573694916382321
1830.079, 1, 0.5, 0, 0, 0, 0, 0, 13.883419826286602, 11.53723595635994, -1.0523959951325157e-05, -2.552867279290217e-06, -6.067440252524328e-08, 1.573686538104876
1832.579, 1, 0, 0, 0, 0, 0, 0.482135152485, 13.883419843436327, 11.537234965304858, -1.1994497480793953e-05, -4.770069161837993e-06, 2.7285998387107183e-06, 1.9233690881298113
1834.179, 1, 0, 0, 0, 0, 0, 0.482135152485, 13.88342007177507, 11.53723479164364, -1.2961522845439388e-05, -6.1927732257116855e-06, 5.17802682262472e-06, 2.2692116184329447
1835.697, 1, 0.5, 0, 0, 0, 0, 0, 13.559325548337478, 11.918630272399952, -1.322184636254331e-05, -3.107974517820143e-06, 7.784655051483444e-06, 2.275149710040024
1837.605, 1, 0.5, 0, 0, 0, 0, 0, 13.236526748362614, 12.298502097583295, -1.4634239064698074e-05, -3.875027502167761e-06, 1.1608155309266542e-05, 2.275149413247001
1838.997, 1, 0, 0, 0, 0, 0, 0.482135152485, 13.236527097407803, 12.29850253763577, -1.5210275125771e-05, -4.24414382867522e-06, 1.3067530096242728e-05, 2.625883914326218
1845.214, 1, 0.5, 0, 0, 0, 0, 0, 12.802774424869622, 12.544186918055953, -1.8403970170111084e-05, -3.1125398179405824e-06, 1.2981391992712244e-05, 2.6262330792694115
1846.614, 1, 0, 0, 0, 0, 0, 0.482135152485, 12.801034316870062, 12.545173107121668, -1.891795223346593e-05, -2.302386492649877e-06, 1.3616973184951317e-05, 2.9755702966760493
1848.115, 1, 0, 0, 0, 0, 0, 0.482135152485, 12.8010342469949, 12.545173664663285, -1.9531487191692953e-05, -1.8742768512795283e-06, 1.3865147230202783e-05, -2.9603737919006154
1849.612, 1, 0, 0, 0, 0, 0, 0.482135152485, 12.801033959044258, 12.545174181065716, -2.0175440354264218e-05, -1.5956456489959286e-06, 1.375397660405324e-05, -2.611036572953433
1851.015, 1, 0.5, 0, 0, 0, 0, 0, 12.372026203943367, 12.292278820552239, -2.1683701894592566e-05, 9.984577008586415e-06, 1.552075814328376e-05, -2.6089406385176197
1852.622, 1, 0.5, 0, 0, 0, 0, 0, 11.94000561775293, 12.037605976578158, -3.0251311378015622e-05, 3.403632694711202e-05, 2.973995931308364e-05, -2.6089416128351566
1854.23, 1, 0.5, 0, 0, 0, 0, 0, 11.508908905512886, 11.783650102122525, -0.00011571563825280018, 0.00017464996974506496, 0.00011958177751283765, -2.6098758231854133
1855.846, 1, 0, 0, 0, 0, 0, -0.482135152485, 11.509785980664466, 11.78299363896739, -5.752096943820173e-05, -0.0002423391198307093, -8.059072723329508e-05, -2.9483676598989477
1857.45, 1, 0.5, 0, 0, 0, 0, 0, 11.03653057892865, 11.691371449189033, -1.682786355136634e-05, 3.052188064445145e-06, -1.4323154765751162e-06, -2.9498915033685007
1859.063, 1, 0, 0, 0, 0, 0, -0.482135152485, 11.035058648809349, 11.691942493352, -1.8448913667062916e-05, 1.473284801835986e-07, -1.348817408421468e-07, 3.0350092676830194
1860.875, 1, 0, 0, 0, 0, 0, -0.482135152485, 11.035226146409036, 11.693022219201275, -1.835389547918953e-05, 1.9268296521352264e-07, -2.0243789571660585e-07, 2.7230614788931966
1862.082, 1, 0.5, 0, 0, 0, 0, 0, 10.58477401847519, 11.89345748367747, -1.849053359045949e-05, 6.233796900013819e-07, 1.298930852225912e-07, 2.7229242638424545
1863.666, 1, 0.5, 0, 0, 0, 0, 0, 10.131154817799437, 12.095305335003296, -1.7294384446975286e-05, 3.559906887708249e-06, -1.4506282536188251e-06, 2.7228422107338575
1865.463, 1, 0.5, 0, 0, 0, 0, 0, 9.679456915504888, 12.29633923129918, -9.558790822511432e-06, 1.2830192784467005e-06, 2.620623807851381e-07, 2.722756817423688
1866.979, 1, 0, 0, 0, 0, 0, 0.482135152485, 9.67505491753684, 12.297873626998756, -1.838558521144451e-05, -1.493532608159852e-05, 9.942497158887307e-07, 3.0410988810928807
1868.583, 1, 0, 0, 0, 0, 0, 0.482135152485, 9.673550287610324, 12.297624501100527, -1.7824004159477935e-05, -4.975881475655925e-06, 1.852229251270213e-07, -2.9266105332026293
1869.982, 1, 0, 0, 0, 0, 0, 0.482135152485, 9.671976167176478, 12.296937742173968, -1.527907441115084e-05, -1.778907872297279e-05, 3.2869398938825786e-07, -2.610894614321267
1874.28, 1, 0.5, 0, 0, 0, 0, 0, 9.248175323618446, 12.048157866524473, -1.0129015308807388e-05, -3.2140707852734113e-06, -2.2993452998442994e-07, -2.610842199540173
1875.782, 1, 0.5, 0, 0, 0, 0, 0, 8.813809425926694, 11.793237728859273, -1.2995455244940723e-05, -1.3653001065673697e-05, -9.583707293817659e-08, -2.610953860680025
1877.298, 1, 0.5, 0, 0, 0, 0, 0, 8.383532480113661, 11.540801120890055, -1.4749427585503128e-05, -1.724754204077943e-05, -4.826795334369012e-07, -2.611094082819443
1879.097, 1, 0.5, 0, 0, 0, 0, 0, 7.952435446743929, 11.287951295093297, -1.3585450424680179e-05, -1.4927298199194398e-05, -4.027556399810197e-07, -2.6112273575999176
1880.696, 1, 0, 0, 0, 0, 0, -0.482135152485, 7.951002107160919, 11.287431576261103, -2.4854955859882066e-05, 7.854361967800147e-05, 8.186788480239354e-08, -2.9383845499197285
1882.497, 1, 0, 0, 0, 0, 0, -0.482135152485, 7.949127347501949, 11.287352461422259, -1.826352607045556e-05, 4.5810911854753736e-05, -5.930234225388228e-08, 3.024126613093425
1883.999, 1, 0, 0, 0, 0, 0, -0.482135152485, 7.947267041846609, 11.287880112411823, -1.4924287168704975e-05, 1.8890906967900922e-05, -2.1895989659349668e-07, 2.7069110983620996
1885.512, 1, 0.5, 0, 0, 0, 0, 0, 7.496514684821719, 11.497175320986308, -9.89197729803215e-06, 3.0889653219935657e-06, 3.403957258896804e-07, 2.7068806641453214
1887.112, 1, 0.5, 0, 0, 0, 0, 0, 7.043018266652512, 11.707707367879575, -1.3742298701546751e-05, 1.6512338975836157e-05, 8.999850778112941e-08, 2.7070187750579042
1888.613, 1, 0.5, 0, 0, 0, 0, 0, 6.593055155597123, 11.91654405987934, -9.346241664043298e-06, 4.3041779601538785e-07, 6.51757100832122e-08, 2.7071427233388388
1890.114, 1, 0.5, 0, 0, 0, 0, 0, 6.143653162522403, 12.125033328230503, -9.28198289351645e-06, 2.7392054548244208e-08, 1.0319854016251494e-07, 2.707296714169006
1891.815, 1, 0.5, 0, 0, 0, 0, 0, 5.689949298755319, 12.33544638454654, -9.262379389834985e-06, 8.929025469930255e-08, 4.9188762496885304e-08, 2.70740236901516
1893.33, 1, 0, 0, 0, 0, 0, 0.482135152485, 5.685118297788729, 12.337290446841292, -4.1787815566934894e-05, -0.00015899834418135354, 8.617059109093478e-06, 3.043613967885256
1894.815, 1, 0, 0, 0, 0, 0, 0.482135152485, 5.683117994280262, 12.337046934582286, -2.0371250400358365e-05, -5.634173128336112e-05, 6.953182893957233e-07, -2.916878657413211
1896.529, 1, 0, 0, 0, 0, 0, 0.482135152485, 5.681240150570546, 12.336200050674544, -1.595851829130912e-05, -2.9705589742839335e-05, 2.6355027441905837e-07, -2.5924149210733596
1898.15, 1, 0.5, 0, 0, 0, 0, 0, 5.266302032477188, 12.08223731594258, -1.4635117725148028e-05, -1.8093700715590103e-05, -8.732202160830244e-07, -2.592471993978955
1899.833, 1, 0.5, 0, 0, 0, 0, 0, 4.840888249787838, 11.821943181490303, -1.3380829249620696e-05, -1.5951467652705077e-05, -2.4742579852190035e-07, -2.592559169958196
1901.431, 1, 0.5, 0, 0, 0, 0, 0, 4.415038180407762, 11.56145088178581, -9.32170053907777e-06, -2.2105074486265262e-07, -1.6075007456900175e-08, -2.5927004317085633
1903.057, 1, 0.5, 0, 0, 0, 0, 0, 3.986767173527064, 11.299571833584128, -1.42386239289638e-05, -1.7181800016065656e-05, -6.223469410908228e-07, -2.5928674805308125
1904.646, 1, 0, 0, 0, 0, 0, -0.482135152485, 3.9864432534017786, 11.299773509666233, -4.461099076660813e-05, 0.00015653588480125846, 7.697168184466107e-05, -2.935192564188036
1906.545, 1, 0, 0, 0, 0, 0, -0.482135152485, 3.984437689000836, 11.29992873429209, -2.142851753464403e-05, 6.133721535782004e-05, 1.6279114602405743e-06, 3.022685601434441
1908.048, 1, 0, 0, 0, 0, 0, -0.482135152485, 3.9825556746817568, 11.300617130079187, -1.7191278611577987e-05, 3.99006421278787e-05, 5.75796568650486e-07, 2.703474028783732
1909.445, 1, 0.5, 0, 0, 0, 0, 0, 3.537906009408268, 11.509092985639482, -9.645427498816694e-06, 1.912309063400589e-06, 1.235254664134779e-07, 2.7031880308899705
1911.163, 1, 0.5, 0, 0, 0, 0, 0, 3.079931498163146, 11.723777176045862, -9.39801027330378e-06, 7.094836008454362e-07, 5.626391035614884e-08, 2.703303122526172
1912.863, 1, 0.5, 0, 0, 0, 0, 0, 2.6283040213681863, 11.935416912294727, -9.302544660000356e-06, 7.904437755122483e-08, 1.0519132625491837e-07, 2.7034545795828606
1914.463, 1, 0.5, 0, 0, 0, 0, 0, 2.180467068972189, 12.145195758522588, -9.276891130088893e-06, 7.02337818159548e-08, 1.2914416620297071e-08, 2.7036147419252003
1916.264, 1, 0.5, 0, 0, 0, 0, 0, 1.7224934117070736, 12.359651771013729, -9.255082221992783e-06, 4.06590083428824e-08, 3.731334106627913e-08, 2.7037122323997083
1917.978, 1, 0, 0, 0, 0, 0, 0.482135152485, 1.722506407156167, 12.359541864227443, -0.00010005694410555876, -0.0004892941857364465, -5.3669949258233796e-05, 3.050503117497264
1919.678, 1, 0.5, 0, 0, 0, 0, 0, 1.2246580977952708, 12.405081182400318, -9.579103787127341e-06, -2.4420624024627976e-07, -9.392315841534077e-08, 3.0506595111481465
1921.178, 1, 0, 0, 0, 0, 0, 0.482135152485, 1.222647807641579, 12.404772435231187, -2.335781957746308e-05, -7.108355691285372e-05, 1.0936394656681331e-06, -2.906101334881517
1922.579, 1, 0.5, 0, 0, 0, 0, 0, 0.742345139912365, 12.288719971804817, -9.341969018139551e-06, -3.153486095064287e-07, 1.5862735579840023e-08, -2.904576243396602
1923.98, 1, 0, 0, 0, 0, 0, 0.482135152485, 0.7355673291083656, 12.286679286689083, -1.6945487768288414e-05, -3.0126496603679652e-05, 1.1991300784556758e-07, -2.581080698529953
1925.398, 1, 0.5, 0, 0, 0, 0, 0, 0.31321862520112637, 12.021592406995946, -1.4548936019320724e-05, -1.8144986367669242e-05, -5.241873797293094e-07, -2.5811658118877676
1927.395, 1, 0.5, 0, 0, 0, 0, 0, -0.11001029741298195, 11.75602121110778, -1.3916326314783456e-05, -1.7057057515433665e-05, -2.975915149106552e-07, -2.5812978831325664
1929.299, 1, 0.5, 0, 0, 0, 0, 0, -0.5310022818839643, 11.491936406754947, -1.3831868129643432e-05, -1.6224524192173255e-05, -1.8983239106981335e-07, -2.5814548363156122
1931.19, 1, 0.5, 0, 0, 0, 0, 0, -0.9530451556639609, 11.227276956225687, -9.597292098234567e-06, 1.3747760883321039e-06, -6.830943763983928e-08, -2.5815562822907907
1933.312, 1, 0.5, 0, 0, 0, 0, 0, -1.3785981035497106, 10.960462321655996, -1.1357697185188087e-05, -4.4714946539321185e-06, -6.710628217048796e-08, -2.581605735301946
1934.918, 1, 0, 0, 0, 0, 0, 0.482135152485, -1.3802805401694973, 10.95909479609571, -1.7051333810719216e-05, -1.603535272195194e-05, 7.942707522932494e-06, -2.252499557303846
1936.115, 1, 0.5, 0, 0, 0, 0, 0, -1.6947548183784091, 10.571575459108562, -1.4201716031891909e-05, -1.8527003487911275e-05, -1.0192635833949852e-07, -2.2525918675345253
1939.613, 1, 0.5, 0, 0, 0, 0, 0, -2.0094943257117808, 10.183824357561553, -1.108187404244565e-05, -3.505075519640468e-06, -1.8769647127194116e-08, -2.2527436708298567
1941.316, 1, 0.5, 0, 0, 0, 0, 0, -2.324421479659272, 9.795948526906313, -1.0682330234101922e-05, -8.040819506061668e-07, 7.020946664526728e-08, -2.252841464207724
1942.714, 1, 0, 0, 0, 0, 0, 0.482135152485, -2.3255539044523115, 9.794144885241117, -2.5085866155266645e-05, -4.94459581246596e-05, 1.114779909252744e-05, -1.930920946714492
1945.215, 1, 0, 0, 0, 0, 0, 0.482135152485, -2.3263045561963125, 9.792114717270483, -2.2140048349300612e-05, -2.1591254274875543e-05, 1.211435873633632e-05, -1.6090007425853348
1947.131, 1, 0, 0, 0, 0, 0, 0.482135152485, -2.326551893935562, 9.789960112129885, -2.075232487802614e-05, -6.21193921874522e-06, 1.1129674833674176e-05, -1.2907935287876915
1948.93, 1, 0, 0, 0, 0, 0, 0.482135152485, -2.3261357719816194, 9.787828461929664, -2.011559085704495e-05, 8.391602273872106e-06, 1.0235853303419346e-05, -0.9725336705968123
1950.43, 1, 0.5, 0, 0, 0, 0, 0, -2.049162497451336, 9.383103625243733, -3.3592999263531986e-05, 0.00011081399098002175, 5.416851331824629e-05, -0.9680030770250198
1952.331, 1, 0.5, 0, 0, 0, 0, 0, -1.7674271129946122, 8.974026936137108, -3.655311932215799e-05, 0.00012803024413481748, 3.067335438032262e-05, -0.9673950126877618
1954.048, 1, 0.5, 0, 0, 0, 0, 0, -1.4845462064399064, 8.563074908557374, -2.4586753736455247e-05, 4.542938768877699e-05, -4.156821891980796e-05, -0.9684372055354713
1956.048, 1, 0.5, 0, 0, 0, 0, 0, -1.2028649699231229, 8.153517318726859, -1.9378081299981087e-05, 1.6417919130531114e-05, -1.6605825068961975e-05, -0.9684234473160319
1958.847, 1, 0.5, 0, 0, 0, 0, 0, -0.9222014506714131, 7.7447465890929506, -1.4398207152988007e-05, 2.189432429780828e-05, -2.252261764267939e-05, -0.9695760039944472
1960.349, 1, 0.5, 0, 0, 0, 0, 0, -0.6407063603430648, 7.332340125963585, -1.4297796560369669e-05, 5.317242148225689e-06, -4.07555821404733e-06, -0.9719545209761257
1962.047, 1, 0.5, 0, 0, 0, 0, 0, -0.36335733416680316, 6.924533834215661, -9.864614783722248e-06, 1.8492853701321288e-06, -2.639216327347051e-06, -0.9735488222573006
1963.649, 1, 0, 0, 0, 0, 0, -0.482135152485, -0.362003484880887, 6.917729937772925, -1.8796878445775933e-05, 4.23842596388438e-05, 1.36525521952093e-05, -1.2906689968495775
1965.665, 1, 0.5, 0, 0, 0, 0, 0, -0.2264771920249692, 6.437831683083552, -9.74443232448774e-06, 1.3629858511131633e-06, -1.8369626331854289e-06, -1.2955275161456257
1968.087, 1, 0.5, 0, 0, 0, 0, 0, -0.09131318414348528, 5.957662183827129, -1.4600024512145815e-05, 1.808748437899489e-05, -1.4708351205708628e-06, -1.296353568130125
1969.968, 1, 0.5, 0, 0, 0, 0, 0, 0.043837952327868156, 5.4765216112967305, -1.2612625758912088e-05, 9.736676361947692e-06, -4.761591669859066e-06, -1.2968942201125182
1972.066, 1, 0.5, 0, 0, 0, 0, 0, 0.17754514161025514, 4.9998863305757135, -9.26832800110522e-06, -3.157643032199038e-07, -4.11155652650702e-08, -1.297206937319811
1973.462, 1, 0, 0, 0, 0, 0, 0.482135152485, 0.17838061753862855, 4.995653911023212, -4.265983738049872e-05, -0.00016783064816548247, 3.475896414898545e-05, -0.9560266517161401
1974.98, 1, 0.5, 0, 0, 0, 0, 0, 0.4680192551936515, 4.589127047918441, -1.1143364277904633e-05, 1.4193035726940164e-06, -1.3538365489687743e-06, -0.951640838559192
1974.98, 1, 0.5, 0, 0, 0, 0, 0, 0.4680192551936515, 4.589127047918441, -1.1143364277904633e-05, 1.4193035726940164e-06, -1.3538365489687743e-06, -2.0
1974.98, 1, 0.5, 0, 0, 0, 0, 0, 0.4680192551936515, 4.589127047918441, -1.1143364277904633e-05, 1.4193035726940164e-06, -1.3538365489687743e-06, -2.0
1658.95, 1, 0.5, 0, 0, 0, 0, 0, -0.0060615785966687576, 2.51092809474453, -1.16453219195789e-05, -1.1562038340141394e-07, 3.256770957414918e-08, -2.0
1658.95, 1, 0.5, 0, 0, 0, 0, 0, -0.0060615785966687576, 2.51092809474453, -1.16453219195789e-05, -1.1562038340141394e-07, 3.256770957414918e-08, -2.0
1658.95, 1, 0.5, 0, 0, 0, 0, 0, -0.0060615785966687576, 2.51092809474453, -1.16453219195789e-05, -1.1562038340141394e-07, 3.256770957414918e-08, -1.5831897894183489
1660.868, 1, 0.5, 0, 0, 0, 0, 0, -0.01226051179086386, 2.0108543754300343, -1.006355333063591e-05, 3.6973597015641844e-08, 1.6859118029559405e-08, -1.58319015885235
1662.267, 1, 0.5, 0, 0, 0, 0, 0, -0.018439365160567586, 1.5127425197954287, -1.810458008125182e-05, -3.4685984321064633e-07, 5.035852114304804e-10, -1.5831930657715636
1663.667, 1, 0.5, 0, 0, 0, 0, 0, -0.02461313107205057, 1.0147493925973992, -9.330804835422368e-06, 4.8213408930726156e-08, 9.992295192562421e-09, -1.5831920807517086
1665.269, 1, 0.5, 0, 0, 0, 0, 0, -0.030797743906357544, 0.5157216980864561, -9.28646564202218e-06, 3.94218860126346e-08, 4.978041742390107e-09, -1.5831942295422077
1666.768, 1, 0.5, 0, 0, 0, 0, 0, -0.03700260181088543, 0.015358161020765145, -1.1408871739643223e-05, -3.3686537348918865e-07, -1.7875149563090034e-08, -1.5831949099042857
1668.167, 1, 0.5, 0, 0, 0, 0, 0, -0.04313018589892547, -0.47872728453930935, -9.25326782916236e-06, 2.8639474496460885e-08, 2.4585544163843247e-09, -1.583194823309864
1669.568, 1, 0.5, 0, 0, 0, 0, 0, -0.04937708630465527, -0.9824398266174894, -9.2513376382386e-06, 1.5992979107788214e-08, 2.1342486023970575e-09, -1.5831946469286304
1670.983, 1, 0.5, 0, 0, 0, 0, 0, -0.05558614190587813, -1.483239556009668, -9.250578128061626e-06, 1.6555001499650265e-08, -2.155256106444995e-09, -1.583194609144983
1672.417, 1, 0.5, 0, 0, 0, 0, 0, -0.061802622128281574, -1.9845943940813104, -9.884155395933902e-06, -1.0356291859275796e-07, -1.0926231307632813e-08, -1.5831950780567943
1673.818, 1, 0.5, 0, 0, 0, 0, 0, -0.06800171484305269, -2.484491397429201, -9.50180479913909e-06, -2.3842277421562393e-08, -3.7554868715530735e-09, -1.5831959367690145
1675.216, 1, 0.5, 0, 0, 0, 0, 0, -0.07423031879753872, -2.984915753433275, -9.86260284396856e-06, -1.2931238298553067e-07, -1.0293992699935482e-08, -1.583196099360538
1676.616, 1, 0.5, 0, 0, 0, 0, 0, -0.08040508475429538, -3.4818573199921983, -9.252707147688888e-06, -2.0461048522070735e-08, -9.163804697560486e-10, -1.583196337084521
1678.116, 1, 0.5, 0, 0, 0, 0, 0, -0.08663554926752202, -3.983807208609628, -9.245996816203972e-06, -1.1661579773228323e-07, -1.6361702936988261e-07, -1.5831962479886392
1679.536, 1, 0.5, 0, 0, 0, 0, 0, -0.09283738745499873, -4.484263041132221, -1.0425295944610502e-05, -4.093833910631344e-07, -2.819596717836599e-08, -1.5831963767265036
1680.934, 1, 0.5, 0, 0, 0, 0, 0, -0.09902848960319573, -4.98372164273157, -1.0231960429984976e-05, 1.342553278936178e-07, 5.672685337112013e-08, -1.5831964519514874
1682.331, 1, 0.5, 0, 0, 0, 0, 0, -0.10524567092020877, -5.485181463498512, -9.957918662845122e-06, -1.1650270726892452e-07, 2.7327027657956813e-08, -1.583196585326985
1683.733, 1, 0.5, 0, 0, 0, 0, 0, -0.1113829169384818, -5.980142539964721, -1.0073274152810896e-05, -5.888235104469574e-08, -3.0503826448046446e-08, -1.5831966652835807
1685.249, 1, 0.5, 0, 0, 0, 0, 0, -0.11768791199813082, -6.48860293490166, -1.024005748598289e-05, -7.24236675529164e-08, -4.696031037153417e-09, -1.583196700564226
1686.749, 1, 0.5, 0, 0, 0, 0, 0, -0.12388778123486933, -6.988564239060478, -1.0238390091149574e-05, -7.491795779975762e-08, -2.8576599617552286e-08, -1.5831967259602016
1688.05, 1, 0, 0, 0, 0, 0, 0.482135152485, -0.12388829658955323, -6.988564240452961, -1.1514545933205556e-05, -4.420632799683155e-06, 6.703769752970256e-07, -1.235257003190334
1689.449, 1, 0.5, 0, 0, 0, 0, 0, 0.0410803496587259, -7.459506201260146, -1.041550312860795e-05, -5.935330917744635e-07, 2.905043574052061e-07, -1.2338597017155388
1690.952, 1, 0, 0, 0, 0, 0, 0.482135152485, 0.04124541180981272, -7.459978143281283, -1.144357813379071e-05, -2.5384961830839454e-06, 1.1842180806760426e-06, -0.8838237133021835
1692.266, 1, 0.5, 0, 0, 0, 0, 0, 0.3584801453754464, -7.846451821852412, -1.1334538892959767e-05, -1.3702740361689192e-06, 2.687933890581212e-06, -0.8834743466748498
1693.767, 1, 0, 0, 0, 0, 0, 0.482135152485, 0.35847998408577253, -7.846451927494982, -1.227226671343673e-05, -1.937204772303152e-06, 3.6664221936331674e-06, -0.5341369841094621
1695.469, 1, 0.5, 0, 0, 0, 0, 0, 0.7884010024176228, -8.100744567476262, -1.4607437988034544e-05, -5.67369479210592e-06, 1.0309717424248305e-05, -0.534124971455915
1697.07, 1, 0.5, 0, 0, 0, 0, 0, 1.218702929121912, -8.354993743526018, -4.9111230377568704e-05, -0.00010668251177005779, 9.292178480301595e-05, -0.5330278823028568
1698.467, 1, 0.5, 0, 0, 0, 0, 0, 1.6457176955138584, -8.60592734344077, -5.480478504796271e-05, 0.00012209510033945635, -2.452572015525689e-05, -0.5234469845553696
1699.883, 1, 0.5, 0, 0, 0, 0, 0, 2.067832209718942, -8.849791975907657, -1.8132848684404568e-05, 1.661015401907608e-06, -6.914272700837668e-07, -0.5235839276377101
1701.271, 1, 0.5, 0, 0, 0, 0, 0, 2.4957769298003205, -9.096838759999097, -1.3539736425538518e-05, 2.803976833064402e-06, -1.352038900962254e-06, -0.5235774234439065
1702.983, 1, 0.5, 0, 0, 0, 0, 0, 2.926751611488875, -9.3456170503497, -9.990392097536382e-06, 1.2888564364859883e-06, -2.086068810317729e-07, -0.523575678813981
1704.288, 1, 0.5, 0, 0, 0, 0, 0, 3.357551585818084, -9.594294380056484, -1.7607068499764233e-05, 2.1738895091988643e-06, -2.3433263474689526e-06, -0.5235837073846511
1705.683, 1, 0.5, 0, 0, 0, 0, 0, 3.7838300368227835, -9.840369801349503, -9.362069563617625e-06, 2.3611954667996909e-07, 5.2231552490142104e-08, -0.5236039776880264
1707.084, 1, 0.5, 0, 0, 0, 0, 0, 4.220020076267444, -10.092180180356342, -9.29673024965827e-06, 2.189434656026655e-07, 3.040301105069241e-08, -0.5236272378587444
1708.399, 1, 0.5, 0, 0, 0, 0, 0, 4.653438871107084, -10.342410249840164, -9.268028238584858e-06, 8.251865906438793e-08, 2.2516788478164804e-08, -0.523654319516553
1709.799, 1, 0.5, 0, 0, 0, 0, 0, 5.087879972651942, -10.593250995123874, -9.258312191201545e-06, 7.880247976358559e-08, 1.7148514625805277e-08, -0.5237100415109559
1711.211, 1, 0.5, 0, 0, 0, 0, 0, 5.523707482529433, -10.844930884020311, -1.0778687266149722e-05, 1.672469749836857e-07, -2.4249271187786514e-07, -0.523804684694537
1712.616, 1, 0, 0, 0, 0, 0, 0.482135152485, 5.525667177528506, -10.844983253195672, -1.5866793186880557e-05, -2.0047954739998465e-05, 2.181403971615123e-06, -0.19379102368574
1714.133, 1, 0, 0, 0, 0, 0, 0.482135152485, 5.527760641115463, -10.844767032595396, -1.490322873298755e-05, -1.8682405718201597e-05, 6.519304672174483e-07, 0.12818818084739592
1715.716, 1, 0.5, 0, 0, 0, 0, 0, 6.021087039079801, -10.781173549731596, -1.1017677998687025e-05, -6.998876882365807e-06, -2.3346753307766383e-07, 0.12811062688769126
1717.117, 1, 0, 0, 0, 0, 0, 0.482135152485, 6.023045028462893, -10.780442336838831, -1.7943990441610103e-05, -3.878005388753651e-05, 6.359581466333846e-07, 0.4456139654290198
1718.62, 1, 0, 0, 0, 0, 0, 0.482135152485, 6.02472592930463, -10.7791951303961, -1.578190388321077e-05, -2.687109187153221e-05, 3.453227102406738e-07, 0.7630317434778878
1720.336, 1, 0, 0, 0, 0, 0, 0.482135152485, 6.026001422737532, -10.777499730927662, -1.4088366076969727e-05, -1.7620995853393645e-05, 2.901977771483476e-07, 1.0844173204491343
1722.035, 1, 0, 0, 0, 0, 0, 0.482135152485, 6.026735867215605, -10.775474248497567, -1.3922661401766234e-05, -1.7551941507808428e-05, 2.164775905153473e-07, 1.410312317822617
1723.539, 1, 0, 0, 0, 0, 0, 0.482135152485, 6.026810497194947, -10.77336505329668, -1.0359148367056203e-05, -1.2025821008909082e-06, 1.6835011350777972e-07, 1.7412767753538383
1724.887, 1, 0, 0, 0, 0, 0, 0.482135152485, 6.026404075852922, -10.771999556213933, -9.951088285137244e-06, 6.596454320888072e-07, 5.415314521757591e-08, 2.07710084121315
1726.288, 1, 0, 0, 0, 0, 0, 0.482135152485, 6.025860487845283, -10.771260727613052, -9.831755956840604e-06, 1.3985081864586843e-06, -1.6172566947750846e-07, 2.431771396843347
1727.804, 1, 0, 0, 0, 0, 0, 0.482135152485, 6.025398441320395, -10.770953094652615, -9.85426670391254e-06, 1.9503069087078026e-06, -1.1534420426531093e-07, 2.7776471957953572
1729.004, 1, 0.5, 0, 0, 0, 0, 0, 5.566209507192059, -10.597000733451752, -2.0626657980471474e-05, 1.0517921891745615e-05, -7.630888252583786e-06, 2.7793215025636338
1730.304, 1, 0, 0, 0, 0, 0, 0.482135152485, 5.564045569257886, -10.597079394362813, -2.0233431029414994e-05, 2.1876785200602043e-05, -1.0801086199468943e-05, 3.0984327687097175
1731.404, 1, 0.5, 0, 0, 0, 0, 0, 5.0694302489159755, -10.577484087162608, -3.725551264344151e-05, 0.00012791534775088444, -4.1535670971663926e-05, 3.1020335879838568
1732.904, 1, 0, 0, 0, 0, 0, -0.482135152485, 5.0691229497323445, -10.5791963237947, -2.15786413828023e-05, 4.741244628476958e-05, 4.388998444698178e-05, 2.7709895345676334
1734.221, 1, 0.5, 0, 0, 0, 0, 0, 4.604503612113175, -10.398807793924231, -6.060570050100966e-05, 0.00020139590620642584, 2.0311900601512324e-05, 2.7709538982861477
1735.734, 1, 0.5, 0, 0, 0, 0, 0, 4.146798480971987, -10.219007581164192, -1.8533296845840708e-05, 1.2906491114592803e-06, 8.357873322582586e-08, 2.7680632473432176
1737.321, 1, 0.5, 0, 0, 0, 0, 0, 3.686813386249975, -10.03869139797372, -1.1951821798084072e-05, 1.2949270804513397e-05, 1.0498854382757255e-05, 2.7674578982543387
1738.928, 1, 0.5, 0, 0, 0, 0, 0, 3.221138837024086, -9.855827052013192, -1.011961268357342e-05, 4.1148784611992635e-06, 3.3847958713902443e-06, 2.7667062331824335
1740.238, 1, 0, 0, 0, 0, 0, -0.482135152485, 3.216968137065611, -9.855387475442972, -1.5353020473340973e-05, 2.0738841369452747e-05, -3.267962541332547e-06, 2.450031096860089
1741.839, 1, 0, 0, 0, 0, 0, 0.482135152485, 3.2171455815424244, -9.85433540965209, -1.8826083307749153e-05, -5.41514231198925e-06, 7.425991716611592e-07, 2.7622760385175007
1743.344, 1, 0, 0, 0, 0, 0, 0.482135152485, 3.2166204895913606, -9.85353585259225, -1.8381846847437266e-05, -1.8637196077961624e-06, 5.875182887389946e-07, 3.071887762136685
1744.741, 1, 0.5, 0, 0, 0, 0, 0, 2.726535739400524, -9.819317141267472, -9.732177429555566e-06, -6.743928315855412e-07, 3.176053518699875e-07, 3.0718891269488133
1746.441, 1, 0.5, 0, 0, 0, 0, 0, 2.225976223993277, -9.784399018127736, -9.438288587709787e-06, -1.5801747146502484e-07, 9.51809592209518e-08, 3.071958636658146
1747.945, 1, 0, 0, 0, 0, 0, 0.482135152485, 2.2212381207554937, -9.784208801462308, -1.8607083627469878e-05, -4.779460080421302e-05, 1.831117952747536e-07, -2.891443438744088
1749.656, 1, 0.5, 0, 0, 0, 0, 0, 1.7404919502400913, -9.90735402198322, -9.508637154237443e-06, -8.122258801771941e-07, 3.1292150390174155e-08, -2.890901302008669
1751.656, 1, 0.5, 0, 0, 0, 0, 0, 1.2576560275052435, -10.03097015938665, -9.349833609395564e-06, -3.8538368364764763e-07, 2.6546620055086603e-08, -2.8910137860733145
1753.956, 1, 0.5, 0, 0, 0, 0, 0, 0.7720017397234558, -10.155247712486483, -1.0112113825511138e-05, -2.73277143464241e-06, 1.0300730440624434e-07, -2.8911562283413974
1756.056, 1, 0.5, 0, 0, 0, 0, 0, 0.2885056584728936, -10.278896641173567, -9.268334497020136e-06, -2.946000525469771e-08, 5.955059590151078e-09, -2.8913210379075545
1758.073, 1, 0.5, 0, 0, 0, 0, 0, -0.19563952262839338, -10.402662039306897, -1.1396770521865385e-05, -5.1083618280202366e-06, 1.4493219889175e-07, -2.8913853695999308
1759.485, 1, 0, 0, 0, 0, 0, -0.482135152485, -0.19689505721356357, -10.403563106843642, -1.8761592740917932e-05, 3.233279829117217e-05, -8.943314663503979e-06, 3.0538482353153613
1761.09, 1, 0, 0, 0, 0, 0, -0.482135152485, -0.19899695663014394, -10.403577526717942, -1.5088080756092692e-05, 2.0446166687956837e-05, -9.997350980472725e-07, 2.7313695687083137
1762.595, 1, 0.5, 0, 0, 0, 0, 0, -0.6557528459776396, -10.204949091730914, -1.3431350670362052e-05, 1.5519748660849404e-05, 7.4574077932613e-07, 2.731328455962764
1764.294, 1, 0.5, 0, 0, 0, 0, 0, -1.11345188946132, -10.005903578301297, -1.3627843606284218e-05, 1.5723532614036488e-05, 9.536749144890835e-07, 2.7313370417334832
1766.295, 1, 0.5, 0, 0, 0, 0, 0, -1.5705359352876318, -9.807122667990031, -9.28619565479516e-06, 1.680099090165904e-07, 7.193908603947677e-08, 2.7313383291026496
1767.696, 1, 0, 0, 0, 0, 0, -0.482135152485, -1.5733168054682516, -9.805689808066731, -2.1180332386433465e-05, 5.6010456215881954e-05, -1.2077975600013114e-06, 2.4067881942452085
1769.104, 1, 0, 0, 0, 0, 0, -0.482135152485, -1.5747003277687555, -9.804099780972818, -1.739229117486696e-05, 3.6706944860378866e-05, -4.838656963280798e-07, 2.0873099408521845
1770.709, 1, 0, 0, 0, 0, 0, -0.482135152485, -1.5754558897602637, -9.802184427417505, -1.533077292134588e-05, 2.549887373699146e-05, -3.3588606971332144e-07, 1.775375074496347
1772.217, 1, 0, 0, 0, 0, 0, -0.482135152485, -1.5755288178194458, -9.80000499138841, -1.4261992175551574e-05, 1.9920539153987002e-05, -2.4943369543405583e-07, 1.445170743378797
1775.215, 1, 0, 0, 0, 0, 0, -0.482135152485, -1.5748802045859147, -9.797978937572307, -1.1527208202882777e-05, 7.467494320447514e-06, -4.6697599153076586e-07, 1.1232888716289873
1776.915, 1, 0, 0, 0, 0, 0, -0.482135152485, -1.5736754788253535, -9.796341877558712, -1.0082692433965867e-05, 1.0353453876475538e-06, -2.374888066078108e-07, 0.7868860677592764
1778.334, 1, 0.5, 0, 0, 0, 0, 0, -1.2247675196465635, -9.447330014085486, -1.4276981505134678e-05, 1.858312158621279e-05, 3.6867588457996054e-07, 0.7854280326594757
1779.928, 1, 0, 0, 0, 0, 0, 0.482135152485, -1.2260178914826578, -9.449099518410163, -1.530798055654481e-05, 1.329721713353552e-05, -1.297239038414825e-07, 1.1129951129576883
1781.434, 1, 0.5, 0, 0, 0, 0, 0, -1.0058586436583732, -9.00227628277654, -1.416313046373463e-05, 1.723615674279016e-05, 2.429268057719692e-07, 1.1130361571962395
1783.231, 1, 0.5, 0, 0, 0, 0, 0, -0.785400832510764, -8.554776009810254, -9.783975548016688e-06, -9.128984191564093e-07, 1.2450657430490566e-07, 1.1131411311722659
1784.832, 1, 0.5, 0, 0, 0, 0, 0, -0.5663564392980079, -8.110000161432408, -9.926056369957692e-06, -2.575298012150438e-06, -2.922875211674633e-07, 1.1132792300947203
1786.435, 1, 0.5, 0, 0, 0, 0, 0, -0.3441509385408926, -7.658694352343447, -1.1310521481233682e-05, -9.338153720874057e-06, -8.28894200858102e-07, 1.113346066562945
1787.951, 1, 0.5, 0, 0, 0, 0, 0, -0.12339671454067089, -7.210388959935778, -1.531485826422596e-05, -1.1141434606137342e-05, 1.3071628765823584e-09, 1.1132540103170745
1789.748, 1, 0.5, 0, 0, 0, 0, 0, 0.09759163197169163, -6.762080623156906, -2.0074543824827318e-05, -4.147070401219945e-05, -3.494639426718165e-07, 1.1128212476146653
1791.249, 1, 0.5, 0, 0, 0, 0, 0, 0.31683583329275633, -6.317865233796272, -6.702448853279641e-05, -0.0002810160423229195, -7.174250262755886e-07, 1.112444975439846
1792.752, 1, 0.5, 0, 0, 0, 0, 0, 0.5336898569792207, -5.876184175049215, -1.3344854493668734e-05, -1.8586999892349668e-05, 4.133740084151001e-07, 1.1142993545096365
1794.155, 1, 0.5, 0, 0, 0, 0, 0, 0.7543426620229275, -5.4267844364281945, -1.4320550361907047e-05, -1.883013668905007e-05, -9.581193587788095e-08, 1.1143525676964812
1795.553, 1, 0.5, 0, 0, 0, 0, 0, 0.9736668322777973, -4.980114314269313, -9.646138838886875e-06, -1.3457081123122615e-06, 1.2753151905737275e-07, 1.114279314470482
1797.169, 1, 0.5, 0, 0, 0, 0, 0, 1.1942500249189552, -4.531029647493666, -1.3252237075961348e-05, -1.5548000449219503e-05, 8.401141726742847e-08, 1.114159980477447
1798.87, 1, 0.5, 0, 0, 0, 0, 0, 1.4144234244851897, -4.082928109679273, -1.4091898389440027e-05, -1.701798613667595e-05, -1.6945503160043776e-07, 1.1140113828173261
1800.269, 1, 0, 0, 0, 0, 0, 0.482135152485, 1.4151082469783243, -4.080910075272636, -2.056434587294209e-05, -5.118252565561823e-05, -3.5219603090543644e-07, 1.436943765745511
1801.768, 1, 0, 0, 0, 0, 0, 0.482135152485, 1.4150855262210797, -4.078791456911566, -1.6292981424331776e-05, -2.7550732333752002e-05, -2.0465585474609185e-07, 1.757599126411882
1803.268, 1, 0, 0, 0, 0, 0, 0.482135152485, 1.414384842971459, -4.076824700085438, -1.5248346512231059e-05, -2.3283649318799236e-05, -2.3696988268095594e-07, 2.0734687794593913
1804.585, 1, 0.5, 0, 0, 0, 0, 0, 1.174605332215845, -3.6431895751193313, -1.0658667128987664e-05, -1.6342861400096391e-06, 1.0709493476589197e-07, 2.075887486378766
1805.984, 1, 0.5, 0, 0, 0, 0, 0, 0.9335172675277745, -3.2071380961483316, -1.0050143568945957e-05, 8.103685579060796e-07, 5.5368176485059174e-08, 2.0757552628341216
1807.386, 1, 0.5, 0, 0, 0, 0, 0, 0.6941012134393473, -2.7739604768447736, -9.846533105900557e-06, 1.2587266853210103e-06, 1.9566862609500833e-08, 2.075632457294655
1808.885, 1, 0.5, 0, 0, 0, 0, 0, 0.451896750575115, -2.335597127428687, -9.767354463396938e-06, 1.646677189293176e-06, 4.862971834362905e-09, 2.0754787105689787
1810.394, 1, 0.5, 0, 0, 0, 0, 0, 0.20721234320008836, -1.8926128332353191, -1.1437279656245636e-05, -4.60597495915702e-06, 2.3745799491595076e-07, 2.0753894507580672
1812.102, 1, 0.5, 0, 0, 0, 0, 0, -0.03293556375797263, -1.4577878354393543, -9.918628444849364e-06, 2.5429792437616616e-06, 1.8732274531081073e-09, 2.0753563982348724
1813.501, 1, 0, 0, 0, 0, 0, -0.482135152485, -0.034335403925482864, -1.4553253811440496, -1.0953243147482361e-05, 7.567207537372299e-06, 7.205601950257844e-07, 1.7286467658972045
1814.802, 1, 0.5, 0, 0, 0, 0, 0, -0.11257022529525093, -0.9605838625154555, -1.0376204950951484e-05, 4.857891217272153e-06, 1.0863218494078557e-06, 1.727617798339798
1816.118, 1, 0.5, 0, 0, 0, 0, 0, -0.19084801526102985, -0.4663161372526617, -1.1352955517490715e-05, 3.817826031090243e-06, 1.2869677326758984e-06, 1.727842181646624
